103,13
103,14
103,9
103,0
103,11
103,8
103,7
103,6
103,10
103,12
4294967294,1151
4294967294,1150
4294967294,1147
4294967294,1145
4294967294,1144
4294967294,1143
4294967294,1142
4294967294,1141
4294967294,1140
4294967294,1139
4294967294,1138
4294967294,1137
4294967294,1136
4294967294,1135
4294967294,1134
4294967294,1133
4294967294,1132
4294967294,1131
4294967294,1130
4294967294,1129
4294967294,1128
4294967294,1127
4294967294,1126
4294967294,1125
4294967294,1124
4294967294,1123
4294967294,1122
4294967294,1121
4294967294,1111
4294967294,1100
4294967294,1099
4294967294,1097
4294967294,1096
4294967294,1094
4294967294,1091
4294967294,597
4294967294,588
4294967294,587
4294967294,578
4294967294,81
4294967294,66
4294967294,65
4294967294,64
4294967294,590
4294967279,2
4294967279,0
4294967278,88
111,10
111,9
111,8
111,7
111,6
111,5
111,4
111,3
111,2
111,1
111,0
103,5
103,4
103,3
103,2
103,1
95,7
95,6
95,5
95,4
95,3
95,2
95,1
125,87
125,66
125,65
125,64
125,74
125,67
125,68
125,69
125,70
125,72
125,71
125,73
125,75
125,76
125,77
125,78
125,79
125,80
125,81
125,82
125,83
125,84
125,85
125,86
102,26
102,14
102,13
102,0
102,19
102,25
102,18
102,12
102,24
102,23
102,22
102,20
102,17
102,16
102,11
102,10
102,9
102,8
102,7
110,8
110,9
110,10
4294967294,1071
4294967294,1062
4294967294,1060
4294967294,1059
4294967294,1058
4294967294,1057
4294967294,1053
4294967294,1052
4294967294,1051
4294967294,1050
4294967294,1049
4294967294,1047
4294967294,1045
4294967294,1044
4294967294,1043
4294967294,1042
4294967294,1041
4294967294,1040
4294967294,63
4294967294,62
4294967294,61
4294967294,60
4294967294,57
4294967294,56
4294967294,50
4294967294,35
4294967294,34
4294967294,33
4294967294,32
4294967294,31
4294967294,30
4294967294,23
4294967294,22
4294967294,21
4294967294,11
4294967294,10
4294967294,9
4294967294,7
4294967294,6
4294967278,570
4294967279,413
125,38
125,28
125,25
125,22
125,20
125,14
125,13
4294967279,411
4294967279,409
4294967278,482
4294967278,481
4294967279,408
4294967278,480
4294967279,404
125,61
125,58
125,60
125,55
4294967278,477
4294967279,400
4294967278,475
4294967278,474
125,39
125,56
125,29
125,41
125,17
125,59
125,35
125,53
125,34
125,52
125,51
125,50
125,49
125,37
125,31
125,30
125,27
125,23
125,21
125,18
125,16
125,11
4294967278,468
4294967279,399
4294967278,467
125,57
125,43
125,45
125,44
125,46
125,48
125,47
125,54
109,16
109,15
109,11
109,0
109,6
109,14
101,1
101,5
100,1
100,5
108,14
108,13
108,7
108,6
108,12
108,9
108,10
108,11
108,5
108,1
108,8
108,4
68,1
68,4
113,160
113,159
113,158
113,157
113,155
4294967279,260
59,1
59,4
113,156
67,1
67,4
4294967294,1377
4294967294,1384
4294967294,1382
4294967294,1380
4294967294,1371
4294967294,1362
115,6
115,5
115,4
115,1
107,5
113,127
113,126
98,1
98,6
4294967294,277
4294967294,293
4294967294,319
4294967294,311
4294967294,308
4294967294,307
4294967294,301
4294967294,295
4294967294,292
4294967294,287
4294967294,280
4294967294,274
4294967294,266
4294967294,257
130,11
130,10
130,9
130,8
130,7
130,1
122,7
122,5
122,4
122,1
114,6
114,5
114,4
114,1
82,6
82,4
82,1
4294967278,260
4243767290,0
4243767282,0
4294967279,215
4294967279,245
4294967279,233
105,5
113,45
57,1
57,5
113,2
113,0
129,7
129,8
4294967279,174
113,33
113,52
113,50
113,48
113,44
113,32
113,53
113,6
113,5
113,4
129,4
129,6
129,1
129,5
97,5
81,5
81,1
81,4
4294967294,254
4294967294,224
4294967294,220
4294967294,1256
4294967294,1255
4294967294,1250
4294967294,1248
4294967294,764
4294967294,763
4294967294,762
4294967294,761
4294967294,760
4294967294,759
4294967294,758
4294967294,757
4294967294,756
4294967294,755
4294967294,754
4294967294,753
4294967294,752
4294967294,751
4294967294,750
4294967294,749
4294967294,748
4294967294,747
4294967294,746
4294967294,744
4294967294,743
111,93
111,124
111,123
111,122
111,121
111,120
111,94
111,107
104,5
104,1
104,6
88,1
88,4
4294967294,1169
4294967294,159
4294967294,151
4294967294,149
4294967294,148
4294967294,147
4294967294,146
4294967294,145
4294967294,144
4294967294,143
4294967294,142
4294967294,141
4294967294,140
4294967294,139
4294967294,138
4294967294,137
4294967294,136
4294967294,135
4294967294,133
4294967294,132
4294967294,131
4294967294,130
4294967294,129
4294967279,88
4294967278,174
120,7
120,6
120,5
120,4
120,3
120,2
120,1
120,0
112,20
112,19
112,18
112,17
112,16
112,15
112,14
112,13
112,12
112,11
112,10
112,9
112,8
112,7
112,6
112,5
